68.2353 329 325.149 267.486
68.2353 329 -111534 27050.8
138.37 191 -40135.3 -16038.7
138.37 191 325.585 266.445
232.418 376 325.149 267.486
232.418 376 -5537.81 7128.39
253.734 152 -3274.69 -5457.28
253.734 152 325.64 266.312
316.253 382 325.641 267.783
316.253 382 43.6072 3699.2
333.39 156 491.274 -2725.38
333.39 156 327.524 263.064
372.355 344 325.641 267.783
372.355 344 1410.5 2037.82
377.439 205 1573.04 -1185.81
377.439 205 327.524 263.064
325.149 267.486 325.517 267.261
327.524 263.064 326.708 265.065
348.839 277 325.52 267.255
348.839 277 1842.64 901.277
325.641 267.783 325.517 267.261
325.517 267.261 325.52 267.255
325.52 267.255 325.585 266.445
325.585 266.445 325.64 266.312
325.64 266.312 326.708 265.065
326.708 265.065 1887.16 -81.7021
