359 282
219 320
446 267
302 198
337 223
216 298
445 169
491 217
357 273
419 168
456 245
412 348
438 247
255 215
331 244
256 307
374 202
409 296
318 302
344 244
334 256
363 183
480 168
368 228
204 212
415 263
434 232
487 273
249 196
304 252
410 188
435 238
480 258
254 167
429 252
474 283
389 212
386 318
310 267
467 202
354 204
323 242
288 306
286 331
393 273
227 151
479 180
412 265
224 196
470 207
343 259
316 338
223 323
242 319
264 282
456 195
426 202
446 168
365 225
297 210
253 229
311 335
449 269
215 162
338 207
341 214
297 341
261 331
307 230
411 297
420 293
479 151
280 284
435 226
314 215
231 157
261 264
231 165
265 301
472 330
319 339
203 213
375 280
491 251
458 315
429 277
334 261
348 205
285 188
339 175
486 226
446 261
430 250
300 241
422 294
462 320
222 232
324 347
487 150
497 197
