403 328
268 304
341 319
342 338
208 346
267 211
311 329
387 304
384 178
289 210
428 182
480 183
345 272
355 171
472 333
213 324
243 239
408 336
252 199
266 326
231 181
257 247
410 241
226 155
249 198
299 235
300 307
273 329
371 321
252 249
448 219
410 262
248 305
270 236
339 323
429 161
242 165
347 178
409 238
210 206
264 297
307 197
467 271
473 174
329 314
354 187
202 307
476 325
359 342
399 318
253 322
284 242
273 282
413 276
278 274
208 202
433 250
490 344
485 323
340 309
219 268
379 272
236 316
268 272
464 237
406 253
370 285
454 321
336 163
420 318
336 251
464 262
212 233
252 293
375 207
459 174
381 183
274 216
235 159
265 159
283 327
380 329
365 243
312 182
311 289
348 254
350 153
293 210
349 272
264 234
243 170
246 258
494 275
432 179
227 179
400 322
380 156
340 274
436 189
229 298
