497 237
448 171
216 331
470 200
493 270
318 260
375 213
355 331
363 184
422 163
412 241
267 186
332 163
460 204
210 260
492 334
464 202
286 252
341 288
388 179
365 286
438 232
384 299
494 291
352 314
413 164
330 317
332 178
394 325
479 268
490 206
335 313
308 211
221 334
215 310
298 268
439 316
246 349
409 338
259 315
260 227
207 328
269 246
456 252
453 225
439 185
253 278
340 287
439 240
383 247
398 284
323 153
222 248
315 349
200 237
293 258
236 236
343 336
245 291
472 239
274 262
323 301
386 260
413 304
309 183
223 152
441 290
488 211
243 200
239 326
285 170
389 287
252 349
489 204
354 205
367 218
349 220
290 326
278 169
308 316
312 338
497 210
285 265
343 154
353 191
244 313
238 265
237 340
255 181
381 309
343 179
205 223
397 204
298 277
345 269
433 347
330 209
477 179
381 288
486 230
310 314
474 191
465 298
331 303
398 340
263 169
281 157
270 212
431 246
383 323
274 199
290 325
424 267
444 268
387 192
468 254
216 307
247 158
210 295
242 313
320 339
472 209
436 292
203 186
395 344
303 150
350 271
212 226
329 184
425 213
489 240
261 276
399 346
260 167
379 309
258 187
327 313
351 197
251 320
214 281
481 309
240 279
441 278
332 217
478 161
247 222
215 209
241 335
265 238
442 202
422 318
479 307
213 222
412 236
227 320
389 154
380 314
329 294
386 307
453 308
311 269
389 230
423 234
232 303
468 183
280 240
264 297
346 290
350 155
247 192
328 332
491 283
357 226
226 243
395 247
355 218
260 261
228 175
471 323
283 195
288 318
398 231
380 247
221 296
488 272
320 192
401 253
433 325
355 162
471 214
309 289
242 250
364 280
441 336
244 213
349 285
399 290
268 304
399 344
306 341
