467 252
399 326
379 287
451 206
234 221
355 166
481 252
405 333
340 337
313 262
389 208
205 344
280 211
492 225
311 300
383 159
477 251
245 235
284 239
314 246
393 308
441 336
308 224
410 245
200 236
239 342
476 229
207 184
363 320
347 214
368 175
227 255
218 326
263 272
494 163
383 231
347 273
326 228
457 299
359 303
284 257
292 289
463 315
289 268
421 328
488 241
208 269
274 221
471 334
458 259
305 318
257 184
222 174
233 288
218 198
434 171
216 294
270 167
444 164
433 204
316 243
379 305
455 215
421 210
448 211
217 174
261 230
221 345
423 257
267 182
225 249
378 266
492 340
341 160
417 310
222 176
217 160
417 295
233 173
495 196
261 260
445 312
453 204
370 266
403 346
479 253
319 220
296 274
484 195
404 309
467 226
233 177
436 264
285 337
470 255
488 333
338 290
325 225
379 344
425 316
