294 202
433 309
269 330
466 164
393 335
387 327
365 240
233 318
330 270
403 280
499 262
252 317
384 334
307 254
471 240
242 269
269 289
348 195
318 184
219 157
436 306
259 187
286 216
436 341
439 268
386 330
428 233
440 210
362 283
246 233
481 232
273 346
495 281
409 203
316 180
272 333
379 298
434 297
251 303
241 219
468 222
367 334
489 202
256 203
234 211
289 290
482 173
467 309
333 216
430 344
259 335
393 274
473 299
491 256
228 244
489 230
282 324
312 342
296 306
336 309
340 311
498 241
341 244
459 347
461 326
204 317
365 335
234 298
230 213
265 169
349 183
264 296
258 244
236 233
254 307
489 239
334 209
429 325
251 221
278 179
394 347
401 336
476 275
416 255
338 200
281 243
222 184
482 225
478 288
496 328
337 284
422 225
311 271
405 263
333 312
448 238
376 343
441 212
378 347
487 209
410 212
275 254
284 263
306 160
344 326
483 274
251 172
264 172
447 243
362 318
488 316
473 251
423 226
478 303
314 230
462 335
305 233
239 235
242 212
377 237
225 333
385 210
305 205
314 268
492 292
239 327
351 342
265 174
289 245
472 344
487 198
342 202
497 275
401 280
411 325
409 250
324 232
327 326
246 253
391 258
273 310
472 231
413 277
393 333
422 266
404 322
415 318
374 225
370 331
460 163
453 305
328 158
233 247
239 200
471 271
419 211
248 319
260 335
369 295
273 193
224 298
486 195
318 348
436 349
493 208
461 279
215 250
366 240
482 161
245 317
441 205
487 278
357 232
480 221
257 222
383 305
417 339
288 157
285 343
413 344
423 249
449 248
233 255
224 155
272 180
457 159
272 200
483 336
436 304
279 168
248 296
465 291
316 240
337 194
480 247
383 320
274 185
349 197
451 161
492 332
