355 304
384 281
395 154
497 269
488 270
295 285
335 158
338 313
475 219
287 246
452 310
264 343
482 240
370 319
262 161
473 178
260 281
217 214
395 210
309 262
305 224
496 297
334 262
359 317
386 169
438 318
263 290
302 228
439 333
334 329
498 259
390 238
483 176
271 177
467 163
332 305
236 290
369 243
331 291
237 180
428 265
202 214
222 339
472 232
321 269
214 334
207 292
223 308
246 235
427 282
283 207
298 278
372 155
365 237
443 315
440 297
489 210
223 265
409 331
308 345
409 224
365 231
263 349
253 321
352 323
308 176
236 205
354 158
409 251
482 215
332 231
359 338
406 308
363 228
364 329
302 305
209 223
424 347
320 191
267 159
473 336
499 347
376 228
329 296
311 321
341 264
288 216
219 223
418 270
492 281
420 244
344 200
403 344
231 155
256 248
246 253
333 194
276 164
421 158
475 269
326 303
289 216
206 212
263 200
360 202
426 304
432 246
320 349
342 308
217 150
346 281
346 316
433 313
371 242
394 225
235 252
419 331
476 288
318 292
361 286
467 310
307 176
436 349
294 264
338 290
291 260
275 226
475 252
371 165
335 254
419 326
218 198
461 271
299 159
321 280
279 257
328 299
249 305
340 170
456 306
391 196
317 206
337 267
216 347
473 318
273 239
412 246
420 186
439 233
206 222
