361 303
351 160
383 196
366 345
468 312
411 185
395 286
262 331
259 243
354 184
420 165
296 260
327 263
462 186
446 196
202 327
288 174
264 329
275 158
371 318
231 336
423 156
299 334
328 228
214 209
331 197
402 342
492 281
479 166
319 193
314 291
371 241
378 180
208 307
218 311
288 277
227 225
435 242
420 175
327 297
311 329
483 231
240 298
336 212
332 322
480 248
219 216
470 323
461 328
214 159
349 177
325 310
331 323
220 331
222 297
496 274
442 340
345 238
389 323
423 253
489 187
374 349
208 322
214 293
237 212
378 156
426 202
497 234
483 277
297 303
205 293
462 215
223 153
337 178
244 295
398 333
486 168
389 226
375 315
376 304
340 261
357 338
241 186
384 240
258 151
411 303
477 307
353 233
470 313
296 252
235 278
464 331
434 251
228 247
362 248
295 219
417 326
326 201
356 179
203 192
