429 345
366 203
222 222
327 283
323 272
249 342
201 321
341 227
464 157
397 270
343 250
460 226
345 221
388 325
228 188
287 158
402 283
261 160
480 297
283 292
434 150
209 201
303 196
485 331
346 193
485 333
202 166
273 272
278 186
353 239
245 204
354 248
446 252
404 187
250 151
331 153
395 333
481 308
369 171
235 217
228 168
439 167
418 272
226 157
269 347
250 278
365 220
297 172
219 266
325 325
370 160
230 337
310 299
270 312
469 343
498 301
262 336
333 195
488 338
290 322
454 152
296 313
496 222
483 177
232 166
316 238
335 348
394 245
455 313
283 300
305 207
456 325
268 178
345 322
474 274
310 222
374 225
215 240
478 216
254 223
341 169
243 165
386 266
204 196
311 207
234 305
300 157
306 155
266 271
275 347
450 217
310 346
319 334
495 228
451 260
251 287
407 313
316 170
369 212
347 270
301 237
321 262
306 312
359 335
377 165
225 199
303 256
441 181
255 279
435 173
472 304
241 176
389 191
324 270
474 265
333 212
229 219
356 300
395 312
441 184
223 245
445 277
230 253
272 208
269 308
256 193
428 285
265 195
290 219
306 248
200 249
471 245
299 161
497 154
268 180
205 166
350 231
436 261
477 297
227 322
205 189
274 339
283 283
215 295
280 213
251 273
303 211
448 170
387 294
450 281
